,0
0,80590
1,86055
2,92321
3,131464
4,73326
5,144607
6,124438
7,72589
8,96471
9,65712
10,107909
11,141197
12,131589
13,149356
14,53254
15,54742
16,94498
17,79631
18,146271
19,72983
20,59687
21,50571
22,89527
23,72175
24,72089
25,57808
26,143395
27,74329
28,109760
29,91254
30,79220
31,131610
32,74277
33,144080
34,107992
35,93817
36,112252
37,81157
38,74618
39,55479
40,66420
41,50055
42,53864
43,75143
44,131285
45,135352
46,63103
47,133893
48,142154
49,144706
50,128280
51,92891
52,61066
53,116696
54,132323
55,74805
56,75160
57,76285
58,114280
59,124461
60,86605
61,55868
62,117886
63,57035
64,125382
65,96755
66,50218
67,123795
68,141878
69,147718
70,65396
71,76043
72,53013
73,60583
74,140754
75,86844
76,99086
77,125917
78,139895
79,60719
80,76850
81,99552
82,130115
83,76143
84,113743
85,99243
86,132678
87,130983
88,137577
89,133118
90,70662
91,102478
92,132083
93,92287
94,147977
95,60584
96,91031
97,59910
98,147595
99,145263
